7.862879058883167183e+00,-1.498745759374550524e+01,3.631590355712505325e+00,-4.940028802574003564e+00,-7.823198293021519367e-01,3.272840704278042079e+00,2.021143900997222964e+00,1.045106670750321065e+01,3.507033184864824182e+00,-2.156033572565894119e+00,3.133384375293017499e+00,-5.444985849275371770e+00,-9.859323107385710439e-02,-7.972872862408753036e-02,1.032570897843164026e+00,2.323691316317739730e-01,3.622699834570086708e-01,-3.125284777527678415e+00,-2.065576336717803496e+00,1.551919266801466968e+00,1.445654917320609911e+00,1.042645053383507436e+00,1.323465100064324718e+00,-1.780524545422811356e+00,1.221541907390233384e+00,1.209249166873102577e-01,2.046784201448406559e+00,-4.490710467038536713e+00,-8.102362838031437198e-01,-1.500725069561165137e+00,-2.790460554727869802e+00,-3.045544056157125201e+00,-3.831547930105162258e+00,-2.285248714689596117e+00,-3.992454914046166259e+00,7.375336005020327601e-01,-4.337316593354001881e+00,2.107698646075808480e+00,-9.401440579743333137e-01
7.703421601634992122e+00,-1.292231579805917718e+01,4.096328618976053271e+00,-4.215488835659986222e+00,-7.032889384357508433e+00,-8.583119691575648025e-01,5.124982434600156900e+00,1.334237654214443047e+01,5.592323291631839055e+00,4.908966275627552611e-01,-4.276647155526050459e-01,-3.001902034494905003e+00,1.432566023007633971e-01,5.156824867933060830e+00,-1.174306161651792380e+01,-2.141775275323746452e+00,-3.932947665631417067e+00,-5.413508998055835519e+00,-6.581071972033911699e+00,-1.035482945866364091e+01,-6.435949245384295025e+00,-1.050245981180716903e+01,1.182101451222919541e+00,-9.953029210673598470e+00,4.658475661494404285e+00,-2.410822603279488607e+00,3.211273266112963931e+00,-6.169366079268245429e+00,-6.205407664717068617e-01,-1.891567925298218267e+00,-6.324540592455438759e-01,-1.083298638769203404e+00,-2.493445580985280685e+00,-4.094278232963050712e+00,-5.453099240071080267e+00,1.345087027402851465e+00,-3.955159954075018192e+00,1.444607843571779515e+00,-2.453863448843840445e-02
1.817652879474928795e+01,-3.847358082678135105e+01,-6.519601949349872472e-01,-1.280592413383683770e+01,-1.160933782541382264e+01,-9.889303239789780875e+00,-1.868851501633005796e+01,-2.420831783265379844e+00,-1.749788643874951433e+01,2.081693298799448255e-01,-1.677267404605418122e+01,3.871965473713436801e+00,-4.920238437632834305e+00,5.529499459939966499e+00,-1.058445528775481570e+01,-7.128334101491677899e-01,-3.124715963886846026e+00,4.250904128441736596e+00,2.647865725811750170e+00,-2.608118489932847783e+00,-8.463375877036087402e+00,-9.424163247657624254e+00,1.448201742831343619e+00,-3.130860734427935554e+00,6.073987079201348394e-02,1.023139798731337979e+00,3.305549389704920404e+00,-5.550618593607754114e+00,-6.660675492648007734e-02,-2.688164092087812485e+00,-2.743896053960828141e-01,-1.207560673956538544e+00,-1.635403039910747536e+00,-5.315156963653660860e+00,-3.477608062837236336e+00,1.407911914339623705e+00,-1.707265237882170883e+00,-1.211903460975473745e+00,-5.285652822331243957e-03
1.876242052151492601e+01,-3.409122637356880858e+01,2.670661798677717691e+00,-1.046492076343367827e+01,1.468918872525964980e+00,4.437419482465935872e+00,-9.125454526553862522e-02,-3.584375211927744331e+00,-1.325600320368340945e+01,3.387300113225442555e+00,-6.689386184408475877e+00,-2.880422292910878035e+00,2.189536199763439495e+00,3.422988763592567096e-01,3.158742776375945027e+00,2.331675093082130168e+00,-1.225104582644691575e+00,2.602082920344760186e+00,2.238237424236690032e+00,7.570381103853195626e+00,-2.620255225231812091e+00,6.520521278542890542e+00,1.613577463210468022e+00,7.250296483182140150e+00,-7.718604249329095168e+00,1.886038571857991508e+00,2.228027819331700243e+00,-2.746447581439757535e+00,2.288370474570615265e+00,-2.718135475471583629e+00,-1.248826480693647323e+00,-8.214882824154472463e-01,4.936757170095606821e-03,-2.407528668050038512e+00,2.509425447738474979e+00,-4.205523349915704645e-01,4.008127538333311257e+00,-4.121400251220239674e+00,2.980768450249656532e+00
1.886112654746780137e+01,-3.215609527402946100e+01,4.011389991229273200e+00,-1.525613329912622085e+01,-6.405171984724302270e+00,-5.412828391316400811e+00,-3.547752808623666709e+00,-7.661342233729003581e+00,-4.456843881663732354e+00,3.435324256300881007e+00,-2.272081079689900474e+00,-1.156524302494475442e+01,-1.148161293916851289e+00,-1.305793497903451339e-01,2.138964945967449793e+00,5.267922050034639980e+00,-3.058070433469767480e+00,-8.674011790348234996e+00,-5.820705143968713635e+00,-1.164730169068511012e+00,3.754681819526897613e+00,1.243746622773236687e+01,-3.306371311915503597e+00,9.526031338670144066e+00,-6.504938374178065530e+00,5.485762040963806818e+00,4.616953150353921703e-02,2.066736052583696193e+00,3.480501723375570400e+00,-8.049173582674999938e-01,-2.611042062287208143e+00,8.354818484505009968e-01,1.031838157471794304e+00,9.590477605017013740e-01,8.692521709005291086e+00,-1.817233647419810083e+00,6.591610522302891795e+00,-7.216004018174430712e+00,4.036890976830939337e+00
1.850126182193423574e+01,-2.981329648163390900e+01,1.320650589874699854e+01,-1.658106163037321323e+01,-1.587910470817050523e+01,-7.203990805471491399e+00,-2.420714883402560691e+00,3.924988427126050450e+00,1.161892925178132430e+01,-3.225442510605565083e+00,1.236267649293181314e+01,-1.589029904126700821e+01,1.316106028169105358e+01,-1.615853727052360966e-01,9.386148820995696695e-01,3.735618190339476730e+00,7.418464037108254416e-01,-4.792682180888663268e+00,2.760819768873919333e+00,-4.408420625639453583e+00,3.140533716722616830e+00,8.992049880104154624e+00,-4.503475925802240987e+00,4.465714153240017303e+00,-7.068936609017950623e+00,5.463307849737453203e+00,-1.118579805258420323e-01,9.254304389914416173e-01,1.544703289405821023e+00,-1.064134578638942230e-02,-5.639665787055700541e+00,-1.353118715497638958e+00,-2.820518087300473375e+00,9.643469385210012845e-01,6.217081017906830098e+00,-1.889588390302453957e+00,4.885731916501354632e+00,-6.360223218352622609e+00,1.864727630361167510e+00
1.853795580205732918e+01,-3.027886550983032166e+01,1.148262637190822666e+01,-1.377244049170456996e+01,-1.599053634650162792e+01,1.088111464314381882e-01,-1.236459405990257387e+01,-1.380274800283769698e+00,1.352725587854457601e+01,-5.571627595303601410e+00,6.659347226790133689e+00,-2.570311624298065567e+01,9.778454405558054674e+00,-6.827291517164191248e-02,-2.946962895386313619e-01,-3.273972921689825899e+00,2.660543867148381203e+00,-3.028811586846686055e+00,1.057498470787656686e+00,-3.682354736362945857e+00,-2.914081331585702817e+00,-1.390788623017370718e+00,8.341382990604886416e-01,4.554413759632351955e-01,-5.861151367194515238e+00,-3.555596889929614868e+00,-1.433427043258703182e-01,3.768838350598131548e+00,2.019029747069154279e+00,4.589339032166290799e+00,-2.602519103103287712e+00,2.038821377428308601e+00,-1.967437652956432803e+00,-2.384934074835362294e-01,-6.108999158894390380e-01,-2.126915873469426010e+00,1.478811078238997823e+00,-5.136023041851590420e+00,6.227988374977510011e-01
1.836471599159095192e+01,-3.040268906071117172e+01,6.658560055367346742e+00,-1.125997389607645083e+01,-2.193672788186387734e+01,-5.088993863896178027e+00,-9.785424356128451961e+00,-1.903174236045354961e+00,8.837352005746582861e+00,-1.557165912484587800e+00,1.327355924485828353e+01,-2.761260177565603868e+01,6.049866501831823840e+00,-1.626349305236178822e-01,8.630829139165074437e+00,2.948942638178322362e+00,9.401229243130710955e+00,-1.992097834462125405e-01,1.807484439303022938e+00,1.331003861429844726e+00,-2.279726569638606204e+00,-9.823905358319066750e+00,-1.230882907401568360e+00,-9.964071456241403446e-01,-2.840545312013768253e+00,-2.128512311028268211e+00,2.171490367838067870e-01,6.979956716885373780e+00,-9.739632714375655587e-01,6.899039875623991236e+00,-3.394380730962272885e+00,-2.599542418738466587e+00,-1.611715588008591826e+00,-1.663126256135865955e+00,-5.863693684614970536e+00,-3.008564636223504674e-01,-2.816120070272255305e+00,-1.134762715516285381e+00,-6.202790287437833783e+00
1.821268594101009342e+01,-1.301720723150017278e+01,1.738051164826487138e+01,5.030017994556851946e+00,-1.638895591339405300e+01,3.723780025037484176e+00,-9.702586337042884423e+00,-5.939727939560982328e+00,-6.120554838093556604e+00,-8.033393410106738131e+00,4.666532935541853000e+00,-3.138420686700819218e+01,5.521429783501518251e+00,6.924629723929669467e-01,1.342917351216952859e+01,-6.354065759932487900e-01,9.886441200346240521e+00,-5.357535348835890332e+00,-8.460096737285335067e+00,-1.012436164373456293e+00,-1.038710239346595232e-01,-8.356492909360522248e+00,-9.708380044155806576e-01,-6.997537978831803507e+00,4.444517234410685802e+00,-1.088712267315083615e+01,5.910788618304743114e-01,7.674283926600193873e+00,-1.463473724938529008e+00,7.202900620502504125e+00,-6.158473428030026398e+00,-7.953212014267419860e+00,8.008640594003711977e-01,-5.977445565041148434e-01,-6.607425909057624835e+00,2.649839771117218135e+00,-3.871198171992889847e+00,4.163153382398355973e+00,-9.949404217374945958e+00
1.974964193637688581e+01,-3.544342036372114535e+00,5.387746903380849162e+00,8.512908504616030214e+00,-3.265179857953565801e+01,-2.200918733846684816e+01,-1.181029668487536455e+01,-2.110916283914674008e+00,-7.875633812974460746e+00,-3.498841921315749115e+00,-7.215167128053228129e-01,-1.872356730683466708e+01,-1.572437884446984846e+01,1.294100598903320076e+00,3.840293921250644615e+00,-6.289923662528019932e+00,3.662801707952429986e+00,-1.251820611221091006e+01,-1.746046610632890506e+01,1.177374369257811360e+00,8.373006903456490235e-01,-2.516412959644734659e+00,8.340901337402403470e+00,-5.182819294942182964e+00,1.102617015080431528e+01,-1.730143689583368172e+01,8.576785739191322699e-01,5.772175555028935534e+00,-1.141380767611276603e+00,6.025752922267566092e+00,-5.473469003766067154e+00,-7.819949295470959960e+00,2.348601736032711607e+00,5.552655337673885194e-01,-4.318913919123693823e+00,3.389214522294925480e+00,-5.623235793538055916e+00,8.153242794678703831e+00,-8.687987786306322846e+00
2.080088713881673357e+01,-5.336619388998883551e+00,4.800664323208830631e+00,1.235562141046171192e+01,-4.142536813781587313e+01,-3.119715218762032904e+01,-7.347837598527261704e+00,-4.265126558869684281e+00,-1.115338075738302592e+01,8.648409264698070587e+00,-5.699105654342512928e+00,-9.331866565399563385e+00,-2.908144400816584252e+01,8.046831629532036345e-01,-9.188815852225129532e-01,9.269164882290676921e-01,3.346540251346459272e+00,-2.067034104473822964e+00,-2.359543448227610085e+00,6.295253319826329630e+00,1.073384513180306365e+00,-1.182585408626346091e+00,5.273423641451691957e+00,-4.469141857542245688e+00,1.042550467688391791e+01,-2.182128344698129219e+00,8.499885377062568192e-01,1.133084004944591161e+00,-2.026559947357181812e+00,3.175266169520543968e+00,-4.821335210712023311e+00,-6.412741916068144477e+00,2.595718828161449832e+00,2.022502552950055765e+00,-6.919975812048090313e-01,6.791396266098343126e+00,-3.466621949439037564e+00,1.023921588907597879e+01,-6.723768726994616252e+00
2.135900826228329308e+01,-5.382105206817140441e+00,7.241579879838984546e+00,1.520598900730894876e+01,-3.678586678848330394e+01,-2.672827423492206833e+01,7.802099547772948229e-01,3.585274244593870258e-02,-1.024080463022715293e+01,7.048005361587634354e+00,-9.659800427889814856e+00,2.127442046933166964e+00,-2.008863553386610690e+01,4.285291638857202656e-01,-5.481431162779100141e-01,7.600655500205313331e-01,2.602093590175700299e+00,1.498385137667764155e+00,2.608383040272350684e+00,2.164296041232648626e+00,3.682263435439336874e+00,1.377711710945884960e+00,6.000877507117609255e+00,-1.249164649884286771e+00,9.359117233443674522e+00,1.583079250696203033e+00,4.613482700325164387e-01,-8.437445674016224029e-01,-1.012799622330786020e+00,3.827365095462024192e-01,2.363855716316649591e-01,-6.448141180948411266e-01,2.387906788124671387e+00,-1.487896601851160794e+00,9.850149708244551605e-02,4.101919561599627784e+00,-3.032931493544714030e+00,6.597846833321673543e+00,-1.700746222350669301e+00
2.165794546658817410e+01,-6.432905621554703579e+00,6.320795423249893297e+00,1.755980859081311252e+01,-3.842859786248034482e+01,-2.598038610707562768e+01,-3.019245516061964008e+00,3.099400312008989911e+00,-8.397957335491256003e+00,2.065016427893328910e+01,-8.197434954111086469e+00,9.386367901487785659e+00,-2.591528550677343645e+01,1.344229301852273295e-01,-9.164082751425883799e-01,-3.838948319066298520e+00,-3.690745772568803318e+00,1.908805464719105061e+00,-5.566833671456681287e-01,-1.407634370130975476e+00,-6.634257735527876676e+00,7.399832958595178312e-01,1.980936508988573763e+00,-2.488604551377395779e+00,1.389553789698431352e+00,-2.861276836526645440e+00,2.284681640828843396e-01,-3.932196540108375271e-01,-1.555300040313388976e+00,-7.798028185596450786e-03,6.233176772655710796e-01,-5.191286725418734482e-01,5.568743189748467382e-01,-1.432183092098648469e+00,8.495681544683150732e-02,2.048249278077219682e+00,-3.021689443568011946e+00,5.280993878860124724e+00,-1.975485808587663428e+00
2.162785412265374774e+01,-7.214921757102317201e+00,-4.363167582936125499e-01,7.824497462171342121e+00,-3.296825585904509381e+01,-2.784164096921340459e+01,-2.035058785484656241e+00,-1.323266272860981552e+01,-8.760838038508117265e+00,1.100987837956478188e+01,-1.463700953064460641e+01,4.906549626330029668e+00,-2.581118920691939778e+01,7.542978122887689096e-02,2.329811882211041407e-02,-2.728841491270854736e+00,-7.762157743552897671e-01,-8.944936768633873214e-01,-3.627863038054199407e+00,-6.829305873004432037e-02,-3.945592297922019931e+00,-1.535311320258564649e+00,-1.870722566418846711e+00,-5.060756683347045204e+00,3.148590568857422944e+00,-5.091155353902038883e+00,5.629396511260651575e-02,-2.090408730728700593e-01,-1.650886460131614442e+00,-1.827025498569959383e-01,3.467880420454250157e-01,-3.865246847792192852e+00,-9.369082938378763270e-01,-2.754734172938904102e+00,5.973657775427661243e-02,7.396055344655622088e-01,-2.344369750995155322e+00,2.410341159610565942e+00,-4.346942601921248261e+00
2.180880502904592788e+01,-6.386309383910482751e+00,8.631124407081834926e-01,1.600737704210253298e+01,-4.021758521620711946e+01,-3.323611218318402649e+01,-3.155831633522052648e+00,-4.791784283835050395e+00,-1.146857997600838530e+01,1.690871914609559568e+01,-1.831894832080517688e+01,1.568354903920263155e+01,-3.609759621457751422e+01,-3.140290801814948907e-02,3.821570330493582190e-01,1.076152914372690228e+00,3.622097285103958342e+00,-5.945885211738470844e-01,-7.292502233307713411e+00,-9.004898350986931810e-01,1.720218452141627274e+00,1.770138086554560175e-01,8.034386103847550586e-01,-8.419414844369699225e-01,3.062003824899271365e+00,-5.460501991325456217e+00,-5.722922643461814118e-02,1.017787500402411727e+00,-9.514388971046715548e-01,5.239403097967276768e-01,1.233567875215731302e+00,-3.473060732635580905e+00,-1.214643389559216524e-01,-6.650273056010898021e-01,-8.254176613946129226e-01,-5.259085320077894199e-01,-2.022126775641259311e+00,2.411311676721684005e+00,-2.727378299316282728e+00
2.156504830661744876e+01,-6.450607691003600763e+00,1.715989070451767740e+00,1.506869203237925881e+01,-3.415743290139278798e+01,-4.242664543582883141e+01,-3.836038455682042603e+00,-9.792225824326560968e+00,-8.406810421197205230e+00,1.261675560033429200e+01,-1.632089249951854626e+01,1.103055727612857240e+01,-3.673219318957031021e+01,-2.028013933063466112e-01,2.330092115659240015e+00,-1.878322086771690158e-01,2.750179062951296771e-01,4.275707625489639341e+00,-1.408537676880897038e+00,2.148771288895867659e-01,1.422914807848482344e+00,-6.167397375556955552e-01,1.542319312069952986e-01,4.264104864623821101e-01,1.348686710497151608e+00,1.002960601274061503e+00,-1.522135220725580607e-01,1.773521085665912711e+00,-4.230131249260570270e-01,4.116845110518084772e-01,2.097224034608697885e+00,-3.104360984905331744e+00,-7.667330342409648392e-01,1.458970990804628887e+00,-5.953353650085386750e-01,7.078286492235189575e-01,7.322832154176406316e-01,3.033111505279307174e+00,-1.392920410763932804e+00
2.140320224243323466e+01,-1.726125152592002499e+00,4.874480233538454610e-01,1.655741285469279234e+01,-3.166616996522784078e+01,-3.605318753694582057e+01,-2.726077375742879116e+00,-1.945954668138085930e+00,-1.270205945111977641e+01,1.721718300850958627e+01,-1.746612734788041266e+01,1.838092246019693476e+01,-3.409167501202939121e+01,-2.477302005100714410e-01,2.886599623285802441e+00,-2.039769622349248301e+00,-2.730394960622001932e+00,3.699794794950772570e+00,2.358686094848323478e-01,-1.123781314948512300e+00,1.215751620945703770e+00,-1.356982352398954816e+00,8.890170470705447414e-01,2.459444279749880558e+00,3.846431583050421210e+00,1.476720663778593234e+00,-2.303421413163100340e-01,2.019399220693696151e+00,-1.041030331949587495e+00,-9.069340690839829966e-01,2.900920771169066548e+00,-2.426920717562272678e+00,-2.324421517110283553e+00,1.633500609286805683e-01,-3.139500108670834067e-01,1.590462348229941258e-01,1.045014244972508610e+00,1.441074956979179644e+00,-1.221640882850486776e+00
2.106958790559730588e+01,-6.774084444319957710e-01,-2.363550174246728641e+00,9.607902111135254941e+00,-2.675784331149124284e+01,-4.195490821685916671e+01,-6.083601085579067203e+00,-7.360722582435153427e+00,-1.112077512599511486e+01,1.439478969447538148e+01,-1.140200394001878514e+01,1.872342044222941482e+01,-3.377875186201312374e+01,-2.491888597293936414e-01,1.275106124432099586e+00,-1.394858810022175266e+00,-1.177155598694087146e+00,1.126696904957642076e+00,-4.776698421767200387e+00,-5.464040264191040386e+00,-1.622415465999632822e+00,5.103558865874644468e-01,-2.011248676847827710e-01,9.564029860939484706e-01,3.307848904255870082e-01,-4.795423140289575059e+00,-1.781375062869536008e-01,2.214275408467808681e+00,-2.240843609242206380e+00,-1.093695488510963099e+00,1.385646187811129693e+00,5.875032027156251724e-01,-3.476594763740753713e+00,6.757768918049421591e-01,-4.829253778355099280e-01,5.911649185821878927e-01,6.522392852989777889e-01,2.917567279401055202e+00,-1.291203533554458716e+00
2.090482452297444738e+01,8.240870962721965620e-01,-2.302269596690504905e+00,1.420310165730461804e+01,-2.941277615531255663e+01,-4.560658438048022134e+01,-1.365415790412495944e+01,-5.190785600137351352e+00,-1.168134767794484752e+01,1.681493327314002073e+01,-1.555332137569251572e+01,1.904249224104810878e+01,-4.368252129260854133e+01,-7.301913534261572636e-02,2.011535835667669581e+00,-2.864909995745180460e+00,5.847340386916375365e-01,-7.990277779017684878e-01,3.621238608187830721e+00,-4.835685462307850457e+00,1.284898341566468538e+00,-1.055090354835517275e-01,6.894576832273164868e-01,-1.307047559549410209e+00,3.282094170239423292e+00,-2.307017927519950717e+00,-1.150481578558718299e-01,1.774358665768223986e+00,-1.812259480746893914e+00,-7.023611136067813288e-01,1.345646589246307867e+00,-7.178777998063055055e-01,-3.046330279540089503e+00,1.876677458750618810e-01,1.511089757424291191e+00,-1.340175774513516327e+00,2.557248011591216619e-01,2.807375374377371724e+00,-8.992716810433065699e-01
2.092354963491207442e+01,3.345663226903343723e+00,-8.093370165737090005e+00,1.077737018851853001e+01,-2.835589886729477982e+01,-3.471243100048350527e+01,-1.575497201019476812e+01,-4.790925899302216351e+00,-1.133179319696221832e+01,1.577370506093001445e+01,-1.401609905911760556e+01,2.528760878270826140e+01,-3.839278771705302518e+01,-1.921967238978083969e-03,2.155022622154625367e+00,-1.703334893972469288e+00,-8.711142046686850549e-01,2.636933457109011059e+00,1.171384618157521373e+00,2.660572964947416352e-01,1.449135659904053242e+00,3.320123024715039506e+00,-3.494043410212666956e+00,3.364327965785607333e-01,5.046606460398130878e+00,3.700752901441283882e+00,-5.403923493987435045e-02,2.049959710777893740e+00,-1.242416652687599932e+00,1.237277268217604087e+00,6.881853322512568871e-01,6.825617303276487746e-02,-3.770658433541639543e+00,2.853034527678468102e+00,1.102828875094290284e+00,-1.291305799358218209e+00,-8.684856541577886668e-01,4.163138636180454988e+00,-4.309550124267886306e-01
2.090098058849649121e+01,5.134132340581447629e+00,-5.708939384635443481e+00,1.246087324796724793e+01,-2.413890924109453451e+01,-4.326381514416517859e+01,-1.312204331113547617e+01,-2.292514280329244869e+00,-5.041101628514768507e+00,9.826846452714686819e+00,-1.488045578253539425e+01,2.913570516184437054e+01,-3.628101548972597357e+01,-6.111796838758110084e-02,2.035852130199751642e+00,6.105358110124154969e-01,2.944016234186714875e+00,1.201024379975406120e+00,-4.036290484684677438e+00,-4.723989269793618995e+00,5.123120147677674652e+00,1.202519710861757574e+00,-2.170700476516529420e+00,-1.032382974134342213e+00,4.602449190012649183e+00,-6.207460542676628279e-01,-5.193098499879837682e-02,1.477307448770195819e+00,-9.916231490819289451e-01,-2.928891901731592862e-01,1.173508848568505458e+00,-1.747121681000631144e+00,-4.286164099454751408e+00,1.349547054258160905e+00,1.437648150067153408e+00,-3.013323217118682784e+00,-1.229061915886026757e+00,3.429569618794807262e+00,5.465323017402724526e-01
2.080131369813691222e+01,7.417367487302846563e+00,-6.872298543712259011e+00,1.666540265689195977e+01,-2.595385010734396758e+01,-4.278501196985286015e+01,-2.520295054978200611e+01,5.455314396053132953e+00,-8.926753775238703170e+00,1.143230410789695561e+01,-1.608086500738628999e+01,3.449250716273355977e+01,-3.963427982558835083e+01,-9.734651106422731459e-02,5.203199346709879158e-01,-1.080990884238560490e+00,-1.333116887857570987e+00,-3.036735256754514722e-01,-3.521043578316760403e+00,-8.619472910234811991e+00,-6.368280980974883043e-01,-3.272625049780346629e-01,-2.953914394325775739e+00,-2.892896099226455853e+00,1.226092991582563130e+00,-2.024049119956771392e+00,-7.851261861070568671e-02,1.746961216556436325e+00,2.099501360455732768e-01,-5.580725093843241780e-02,2.583126455337823035e+00,-1.075666204653737967e+00,-2.005390101068752706e+00,1.305450976219459935e+00,3.197330870219996068e+00,-6.903813319766139989e-01,-2.030767011821636991e+00,4.127825563535391318e+00,1.658953884317502014e+00
2.070628756636803658e+01,6.174772209923423461e+00,-7.870921153112564461e+00,9.794639472252105961e+00,-2.474625629244543745e+01,-5.030590230079869940e+01,-3.036098913160509838e+01,-3.566170476524221478e+00,-5.695626638470837833e+00,3.919017664063135342e+00,-2.066624798098830595e+01,3.158789114500949680e+01,-4.032911372963951635e+01,-8.649032260706945863e-02,2.071390943855845546e+00,4.548349712207979678e-01,-2.416975917604010426e+00,5.408628521206877870e+00,3.107646762208712943e+00,4.020250472239142780e+00,-1.541078658080280661e+00,6.954438717177250595e+00,1.921704343737882681e+00,-2.598086505806522339e+00,5.104068223034548879e+00,5.780155325039803671e+00,-9.239674816052741158e-02,1.672227356215161054e+00,5.687266058467149721e-01,-1.576231307201346965e+00,3.722840832660951005e+00,2.287208890659894855e+00,1.517342863039012058e-01,-1.135696887745548889e+00,5.841717635038433443e+00,-1.061468419899938231e+00,-2.384679414384059726e+00,1.709485928453342130e+00,4.688639235289076446e+00
2.062833305292277331e+01,1.156014937501453765e+01,-5.962628601270663076e+00,1.183145082168393891e+01,-1.513659306493021184e+01,-3.656971844543543426e+01,-1.716244960530372055e+01,2.373157079892571630e+00,4.982123659115798020e+00,1.527571279537272098e+01,-2.127703801899933467e+01,4.470064360880265752e+01,-2.807396917550874349e+01,-9.040019803355647809e-02,2.624552983938992057e+00,2.275389913244948659e+00,-1.398973421343790768e+00,6.906461346724389827e+00,7.685242423862138850e+00,6.988683389874992713e+00,-1.431874792226243365e+00,1.145433723398549297e+01,-6.606088272930112915e-01,-1.769759183830432292e+00,4.955877180335175325e-01,1.085556954565956289e+01,-8.838833131113119079e-02,1.462914676964308436e+00,2.047616393606279672e-01,-2.531538901904939021e+00,3.158745975799489791e+00,3.062258341393531591e+00,-3.508468683357264806e-01,-3.205274861038432732e+00,5.406368138985820693e+00,-1.065828623776637674e+00,-3.211275252441842643e+00,-4.947633783988969469e-01,4.877126007898176852e+00
2.052548717030092362e+01,1.142387817780140757e+01,-3.320141326622666700e+00,6.996692629564524424e+00,-1.093333359899665780e+01,-3.493541745307442170e+01,-1.638362235185511295e+01,-6.429920060976708207e+00,1.721304782950014811e+01,2.597800009477112759e+00,-2.420576634864917054e+01,3.257906658107653186e+01,-1.861797463832039057e+01,-8.928040665398029319e-02,2.736192565854294045e-01,-1.080625829441702823e+00,-3.212384626486442851e+00,-9.649942550703487498e-01,7.053778793440486083e-01,-8.391709338015953534e+00,-5.756171098402679043e+00,8.343130132945533184e-01,-4.255971489532971219e+00,-4.545222033382868787e+00,-6.588770528048550901e+00,9.848749218758570123e-01,-8.448716557616933742e-02,1.307508426585282768e+00,-3.283964121113897017e-01,-1.943629413532276029e+00,1.391741084334261469e+00,3.402076254387533361e+00,-3.052693259619123189e+00,-2.934571519992135169e+00,3.084315000868138146e+00,9.984264164918744688e-01,-3.052752624883795729e+00,-9.777835172787036067e-01,3.599081249687793527e+00
2.044977223961481272e+01,1.210738788818539646e+01,-8.123880260154068722e+00,5.406681568711053210e+00,-1.706658157507090934e+01,-3.515896268674733705e+01,-3.394586828133562761e+01,-9.139185116912786455e+00,6.650749685704904657e+00,6.763769816306778537e+00,-3.036748208576507224e+01,3.152310255270555572e+01,-2.610421933175702947e+01,-7.617751257987670499e-02,5.074084542315002722e-01,-2.556068028802571668e+00,-1.853907799243678323e+00,-2.944611508353562002e+00,4.672592724346706916e-01,-1.042456186991482348e+01,-3.026468458552754814e+00,-4.160706238462424267e+00,5.284660613289183573e+00,-3.589511361687623747e+00,3.543387527939998449e-01,-2.350303882378007359e+00,-7.479094808753287971e-02,5.758952461801385425e-01,-5.921545776462016075e-01,-1.731011573143251159e+00,-5.663835299580710636e-01,1.626112516198834568e+00,-5.763187115887788536e+00,-2.482338516927700134e+00,1.548548628085931522e+00,2.169796326714343415e+00,-3.180252350545603068e+00,-2.623478305941324695e+00,2.332427979245447869e+00
2.037313214514117021e+01,1.243869508626440812e+01,-8.432277384227809591e+00,3.288877031077167779e+00,-1.682255661570378180e+01,-3.400089890820508032e+01,-3.723274609168475990e+01,-1.248285697808221784e+01,8.891635352575299578e+00,1.316712123605547902e+01,-3.138478907202441803e+01,3.328774408666453155e+01,-2.331858240307640528e+01,-5.960820727491267235e-02,9.124146317491668157e-01,8.782733997274845272e-01,-1.881904067498449962e-01,1.021341184351951981e+00,3.126273774935704353e+00,-8.039775167461051808e-01,1.063559035359806337e+00,5.117411676151487399e+00,7.038131999674237527e+00,-1.610653162137326788e+00,-1.470946132017605379e-01,6.021346967426766561e+00,-5.352095147909494838e-02,8.055961985554042082e-01,-7.990640691641062165e-01,-1.902108910486668858e+00,-3.291081876645997051e-01,2.851713639106823628e+00,-2.331504487274217663e+00,-1.854461478883293823e+00,5.667511244453798946e-01,5.283124603081245318e+00,-3.416720398407902426e+00,-1.790330414714639273e+00,2.740470462674754248e+00
2.033055582506498737e+01,1.393221715168373009e+01,-6.367333460699099668e+00,5.030300755211363217e+00,-1.502389920636700538e+01,-2.890641513687592834e+01,-3.555382331482783798e+01,-7.012067046193173780e+00,1.688557303800788034e+01,2.084003381565525359e+01,-3.358878841003972582e+01,3.122891332630203465e+01,-1.406152539690349634e+01,-2.782076248040432631e-02,1.050374726282426785e+00,1.192711560285637518e-01,-2.807269273598071546e+00,1.611170447016086804e+00,5.098887937864535758e+00,4.997789410102331686e+00,-2.141464756335382802e+00,3.018878211500130249e+00,4.404084894576810072e+00,-4.146963053263469590e+00,-4.756617482979718758e+00,6.190806555351509921e+00,-7.976712500662727634e-02,1.377454901772594553e-01,5.876862677876186769e-01,-1.565448891412630550e+00,6.319033569064128608e-01,3.186645281631906634e+00,-5.306773081147667659e-01,-2.733049268416788635e+00,3.638193831473508943e+00,2.968824009650060880e+00,-9.011768014232025559e-01,-4.969657496905020011e+00,4.440043966839023248e+00
2.031749062018036156e+01,1.453944453882926169e+01,-8.193735072170682088e+00,-2.325661516118975314e+00,-1.360021572167160819e+01,-2.380312303247600880e+01,-2.723716727148009653e+01,-1.676578649075298344e+01,1.492939177557556008e+01,2.197529102520909916e+01,-3.967871517855135721e+01,2.377450912070509403e+01,-1.093696929237338544e+01,-1.258992240014524810e-01,-1.093238269447232014e+00,5.313066917272801781e-01,-2.321797184982695939e+00,-2.471680155939628420e-01,2.290895460211793022e+00,-3.021610458591979409e+00,-6.825449828234086525e+00,2.468633796782219392e+00,-1.818114422837490807e+00,1.431192685211055249e+00,-9.898740387570930110e+00,1.983359671995037488e+00,-1.294694540117681814e-01,9.076923376324849135e-01,-1.616427011415748072e-01,-9.978074800037916026e-01,3.708825256158266859e-01,3.000072084825089913e+00,-7.387196541392683224e-01,-3.093593158891718264e+00,2.345796651955875056e+00,2.905672220656443372e+00,-1.036209401399072805e+00,-5.709069834252598952e+00,1.601743953166272494e+00
2.007875737706208241e+01,1.174574061278926607e+01,-5.304720077244539311e+00,3.867063852459716733e-01,-1.551823523755493106e+01,-2.432462421645234230e+01,-4.159704423201179679e+01,-2.066296670266134683e+01,2.182284063157231913e+01,1.720380496998027198e+01,-3.072640303961761532e+01,1.143143255116017443e+01,-1.009480605291342137e+01,-2.329032605482908025e-01,1.765475252522401561e+00,-7.890312547461411086e-01,1.473649166079940453e+00,-5.603801251795381688e-01,1.255844544092292736e+00,-5.333783316154512733e+00,-2.179793226776869375e+00,1.611296519998447252e+00,3.769152868483043761e+00,8.408432071602582880e-01,-4.566686908866312677e+00,-3.178126508433348540e+00,-1.763051403028832453e-01,1.669917337101233912e+00,-1.166879876997767296e+00,-9.511768113720073803e-01,5.938754035236144535e-01,2.383779658183559746e+00,8.101164478568613214e-01,-3.330828996162092270e+00,-7.419103843855374691e-01,2.588840079997690058e+00,-2.382146779698231798e-01,-5.078432468890498264e+00,1.214612037414276868e-01
1.985168409908377996e+01,1.807039504387406481e+01,-9.771797581662964305e+00,6.216368160409058152e-01,-1.472097597203068453e+01,-2.129143394429142333e+01,-3.790473390378912200e+01,-2.112537294430672219e+01,1.815198481557245458e+01,2.951359676217518668e+01,-3.799702876423084064e+01,1.464113530297246868e+01,-1.729322230924008252e+01,-1.984119964816102311e-01,4.385293985939116013e+00,-3.053990756848627974e+00,-7.929694264872930720e-01,2.012046586992767949e+00,3.040631413200960864e+00,7.713793236311389023e+00,-4.117260487827092419e-01,-5.129058017745286691e+00,6.405638188590193849e+00,-2.447150983715744132e+00,-5.139973302221569895e-01,-9.064340842479445826e-02,-3.002215910487429085e-01,1.949977577207728796e+00,-8.417002736678524943e-01,8.280636177814315602e-01,2.250472719546747324e+00,1.821387352056152098e+00,2.592093979633468770e+00,-2.706692013789445017e+00,1.625823158873601071e-01,1.787198185453371169e+00,1.931960960906282221e+00,-2.897131475225281694e+00,-6.707665713450069456e-01
1.968193338409886195e+01,2.051632858466749809e+01,-1.141270159094179526e+01,-1.199232467728614360e+00,-1.149414206356939516e+01,-1.824336139005042057e+01,-2.616945775938901875e+01,-2.148641880022676531e+01,1.156472459608174574e+01,3.001508134716065967e+01,-3.562070500704910359e+01,1.040343789071586045e+01,-1.027609286976301028e+01,-4.184447188327613532e-01,9.168216975273626446e-01,2.117759490008239709e-01,9.929945916172847609e-01,5.180538630550021395e+00,1.777308129447606078e+00,7.957121647082489702e+00,-4.381073783305389213e+00,1.359688278592596333e+00,-2.503976499144712875e+00,5.212634686963319552e+00,-2.419143114085812840e+00,1.546531784283228461e+00,-4.594312824027312336e-01,2.381243585817341746e+00,-1.297884672601007594e+00,1.118693459264622048e+00,1.655200296662522774e+00,3.788750085048101734e+00,5.691637157740716546e+00,-2.744019853222006589e+00,-7.687516524754279823e-01,1.894563525824807526e-01,6.727540201307220524e-01,-1.563593938113753357e+00,-4.115488797043708402e+00
1.901479466141825725e+01,1.990403843892879010e+01,-9.348245683661316363e+00,2.607625999275475337e+00,-4.359898710930640853e+00,-1.773681768539621117e+01,-2.199049060962414259e+01,-2.988752051091750062e+01,2.087136137275764725e+01,2.450564376388576093e+01,-2.757175939030420153e+01,9.802849074800842999e+00,-1.420015874067362560e+01,-7.409438501088381201e-01,1.109404129840557474e+00,-2.966088991543029962e-01,3.093205778840205866e+00,-4.643151606114708230e-01,5.542589734695491543e+00,2.536738834499159267e+00,-4.257786692619612623e+00,2.527334747260418624e+00,-4.680009057561635544e+00,1.522718690560889598e+00,-2.185415958019320204e+00,-1.097134447632609167e+01,-6.376985420114763548e-01,8.886045495737725508e-01,7.947658739920209214e-01,2.689816854651481126e-01,1.706660959800181177e+00,4.271189543364629415e+00,6.101793074341160583e+00,-2.956996104058057462e+00,-1.361823659416297350e+00,-3.524333081554863689e+00,4.195949248730260095e+00,-5.380979411982375282e+00,-2.962619982022834275e+00
1.820004568388118571e+01,2.273513684434861304e+01,-1.200591938925040125e+01,4.987179089951797373e+00,-1.242277238479233681e+01,-7.158181920659436592e+00,-2.109598009039070021e+01,-3.000199218546599056e+01,1.661939409060258299e+01,2.065506323203738859e+01,-3.257526762592732439e+01,6.032605974677220040e+00,-3.221878182241519539e+01,-8.053297111415105292e-01,7.499876114867909394e-01,1.923443185556379387e+00,-1.867143267374517634e+00,-6.817286507438335974e-01,6.129370861616221688e+00,6.028991621520830790e+00,-8.825231305299467977e-01,-6.027914800763548797e+00,-3.966851675961628132e+00,4.515879089581886774e+00,-9.940597436860464597e+00,-3.467409501177268538e+00,-8.445344496803371959e-01,-3.660454477816500463e-01,2.947673034676675741e+00,9.497104273938561381e-01,3.401642017045804600e+00,6.271334130242465221e+00,4.462541167022683553e+00,-1.820777455913916709e+00,5.284058966623824682e-01,-6.436957729039941789e+00,4.523611075757100863e+00,-7.710534615018483251e+00,-1.671825780274341922e+00
1.740413523913523619e+01,2.140401366190237198e+01,-5.501359312548557590e+00,-1.126660535473559710e+00,-5.723356012418308048e+00,-5.478075962163767798e+00,-9.932507366582481012e+00,-3.165256677197739421e+01,8.815531771230549651e+00,1.657194041196250467e+01,-1.854000121114042798e+01,-1.007834579892008620e+01,-2.113497774302816268e+01,-9.677274185212496604e-01,-2.399511555038078114e+00,6.704069893067802433e+00,2.146419233316931852e-01,9.309284528597899566e+00,7.071060160102561554e+00,5.605118272297135995e+00,1.471046180997941377e-01,1.807637394777311002e+00,-9.428959427057405307e+00,7.528369454040920061e+00,-1.212062186109665696e+01,8.525484776228871908e+00,-9.070964706379811560e-01,-1.656200512899041133e+00,3.547516672990895792e+00,1.280952155935763503e+00,4.910382793229166154e+00,3.743725907990714141e+00,2.856794295200298262e+00,-2.013999959583222310e+00,-2.637079833674452978e+00,-6.016164811118680511e+00,4.002607657314062983e+00,-9.874843259246159022e+00,7.357431685022384205e-01
1.626459084683868639e+01,1.793611373427245681e+01,1.402220396885202947e+00,5.416462936615183743e+00,6.195796672403462324e+00,6.983938399545687403e+00,-9.885743545796428222e+00,-2.970778294926640228e+01,2.023466888015720500e+01,1.797144377922576419e+00,-1.751852871784548427e+01,-1.820863774751609299e+01,-1.516781226995745158e+01,-9.785477561928175305e-01,-3.690733116215354492e+00,3.593313550386959321e+00,4.962202695548080023e+00,8.303043369517801864e+00,-3.055861716907162240e-01,-1.689565019668653356e+00,-4.226029077478004936e+00,-1.468603480811238704e+00,-6.359080638306371824e+00,1.726455326682811098e+00,-8.686199780706607143e+00,1.044025034318428524e+00,-1.045076167577421611e+00,-2.547226607045063762e+00,3.703899434278916658e+00,2.074232147615729271e+00,8.144156380674345996e+00,1.931745728728474942e+00,5.196250815314087390e-01,-7.737508825175922755e-01,-4.734854240787063517e+00,-3.410803559251580630e+00,8.112596297470961559e+00,-6.953287656564012487e+00,3.419560482413231739e+00
1.544703972674960113e+01,1.402254742947166299e+01,1.685267788225360830e+00,8.797744855622600113e+00,1.088273072661729479e+01,-6.089248305545200246e+00,-1.331163740591978772e+01,-4.010462492693340408e+01,5.878324809608072243e+00,3.853779135349761908e+00,-1.508709055777480579e+01,-2.745074536033330048e+01,-1.904692767439130563e+01,-1.155689122325895823e+00,-2.123188404466903378e+00,7.590219174360107735e-01,2.489837097933590204e+00,6.899584738329063605e+00,-2.088902752436016641e+00,-3.461273058634287914e+00,3.153271434522864070e-02,-1.291047125633935266e+01,4.081490848081640088e+00,1.188989362629508229e+01,-9.194973899600711320e-01,-4.985960873550041583e-01,-1.229294675483564081e+00,-3.450810099844141554e+00,1.167159279018163520e+00,1.332786483701787317e+00,5.698161326105072533e+00,-2.587599617962023646e-01,-2.106280303663035092e+00,8.873779828638845846e-01,-5.246423848520725741e+00,-1.624390900332279175e+00,7.085411154052579263e+00,-1.668038549964446560e+00,1.447192387010348025e+00
1.395321260218689474e+01,1.368973692533865005e+01,2.920264231757224493e+00,1.039613713248236415e+01,1.999496614906158953e+01,2.806132894673654565e+00,-1.680828966306500405e+01,-2.964471752057594500e+01,-5.586273632521498556e+00,9.960126074085856374e+00,6.261258534744679416e+00,-2.004763252743623525e+01,-1.616500444466745989e+01,-1.516844371353144538e+00,-3.874697931161546816e+00,-1.054926311559555296e+00,-2.875155035260406500e+00,2.492567576580347222e+00,7.031376434182186053e-01,-1.845499210171790416e+00,6.428707677465101966e+00,-5.192220512320901094e+00,2.573579634348543976e-01,1.004212574530109237e+01,4.975852100775526310e+00,2.823253976884943839e+00,-1.227807455311671347e+00,-5.896522698888456482e+00,-3.494594970518082988e+00,-2.586364140499051611e+00,3.069189789788760780e+00,-1.823051788746394397e+00,-1.187562895365615656e+00,2.346503618572739924e+00,-5.686109352311715881e+00,3.230993908539246284e+00,7.945797760251190667e+00,2.390055002700999687e+00,2.824239616215304061e+00
1.241335098404331205e+01,6.273151567148569363e+00,-4.245848348937498740e-01,3.047434785101787114e+00,1.586786587977798924e+01,-4.682973018708763036e+00,-1.700263582626336856e+01,-2.724720957200320015e+01,-4.506116215033729944e+00,4.368495062219470704e+00,4.997160932827380719e+00,-1.749904115878224786e+01,-1.340041972062141795e+01,-1.155407330276710276e+00,-1.068076937717346553e+01,-8.968046187951440373e+00,-7.518169931551016205e+00,-4.728940521473354863e-01,-2.820295541139078210e+00,1.415115425306143315e+00,2.620372493354071963e+00,1.291308131720511287e+00,3.867314941549048868e+00,2.953537901682348643e+00,4.406708846324807638e+00,6.147568139450793723e+00,-1.080188385365079551e+00,-6.493479660988107582e+00,-7.197263292752734465e+00,-5.173380789789773004e+00,-2.220462806839946790e+00,-1.498965479000737400e+00,-2.382764967346715057e+00,2.808330876390647379e+00,-2.759127152587491860e+00,2.209883082667002618e+00,4.581100812810224632e+00,2.266683630061156585e+00,4.737852910509054105e+00
1.164239794163347419e+01,-7.671801829008279228e+00,-1.501582814414565625e+01,-4.640202730619669147e+00,1.904917804476691856e+01,-2.834458187604501855e+00,-1.397805881245271742e+01,-2.440397253386780108e+01,-3.003657369080475981e+00,1.769475595718395411e+01,1.216833433810937670e+01,-1.123421483478661997e+01,-3.869868165765871559e+00,-6.059229269211998670e-01,-7.018616532721990708e+00,-1.245420882634655868e+01,-6.299211973438517909e+00,-7.807277567606546675e+00,-3.040403570350522777e+00,-4.818970920848068218e+00,-7.180667331655214980e-01,-2.351251435008084201e+00,3.333692272458126826e+00,-6.614266411670666201e-02,-1.512497448785039111e+00,5.947594229662294119e+00,-8.831593366693507585e-01,-4.490672016974526670e+00,-6.251421811257986683e+00,-4.375459864270500709e+00,-4.678191617138576675e+00,-2.783800940589739703e+00,-9.612335302388099745e-01,2.680743308219720511e+00,-8.270316183762780327e-01,2.198696654503359493e+00,-1.076655555589058455e+00,1.926416184705007861e+00,4.933287079638285277e+00
1.120150513020091232e+01,-7.764081498295411166e+00,-2.533300248758686735e+01,-9.550989161775248704e+00,2.533107445648953293e-01,-1.076378015940980859e+01,-2.664057766795950499e+01,-2.868334303833424315e+01,-9.208619085049898345e+00,1.103587960713572436e+01,4.864875604593967395e+00,-2.052403605635232609e+01,-1.505231261296829048e+00,-7.495295479360670754e-01,2.963397601098143319e+00,-4.334039270202474370e-01,-2.708737424059748378e-01,-7.318946206895832418e+00,-2.619005025160009659e+00,-1.408713790479134254e+00,4.440519143777989619e+00,-2.183261460157164269e+00,-3.741944151971310362e-02,-5.612105458596641228e+00,1.165580339830232681e+00,3.211852444813773300e+00,-8.064306626817330237e-01,-8.782286266254185625e-01,-1.358047686341548266e+00,-1.309575915986690209e+00,-2.901428287909479042e+00,5.557357437460659355e-01,1.462119114730700831e-01,4.018550890495469652e+00,-3.518564811561289973e-01,2.356899857350627681e+00,1.216806595550099929e-01,2.210919278275128796e+00,3.488893438788850609e+00
1.014333884576134004e+01,-1.745006626811992367e+00,-1.588263599818615113e+01,-5.181950215431618822e+00,4.411285630975254612e+00,-8.072468237924521617e+00,-1.679548639341098593e+01,-1.552293424631182184e+01,-7.370180289394804518e+00,1.761991707414452790e+01,9.441234209160940249e-01,-8.903054155126154612e+00,2.553836723861675040e+00,-1.035388955815099266e+00,3.341346165609372143e+00,9.275791574002811402e+00,3.160709054674780027e+00,4.213179951280765501e+00,5.739245442295692001e+00,5.888857594770310122e+00,8.544184387515199930e+00,2.563240962196343897e+00,2.577267091678298705e+00,3.176397042302552265e+00,6.457005474557744762e+00,1.168713144902944201e+00,-7.442160228642584752e-01,1.644271799598149730e+00,3.240308007115443534e+00,1.080972676194208004e+00,-1.122149132204714350e+00,2.088153010155919809e+00,3.295922812009742242e-01,5.043357305596570583e+00,1.882239342027347551e+00,-7.969046557549486209e-01,-1.982211838903109369e+00,1.551003589040123476e+00,6.956320832526803333e-01
9.130727218570713788e+00,-1.081389167076666435e+00,-6.781419339581243655e+00,-3.229571052425688205e+00,8.679670647126426886e+00,7.147107251815761897e-01,-1.486286247841888475e+01,-1.159497426330384329e+01,-4.082137160657210551e+00,1.619041379049232177e+01,1.121766968919907193e+01,-7.610025107236837449e+00,8.321950285090594646e-01,-5.933160313170295908e-01,-5.233911849074551759e-01,3.896278157807449460e+00,1.392950905554105168e+00,2.406983400743663903e+00,4.969764829401963624e+00,-7.117343039035848307e-01,3.895781926455836874e+00,5.607239334127361197e+00,-3.243475743706807357e+00,-9.316226598124081049e-01,-5.165741045087974825e-01,-2.057128809133544678e+00,-6.268036729783463823e-01,2.484922168999648961e-01,5.159471295705414740e+00,2.057152808285357626e+00,2.593195324898342147e+00,4.262090271686377996e+00,2.068126963008142916e+00,5.250722582870325006e+00,5.895536987835944487e+00,-4.639945391637532168e-01,-3.796937069364616946e+00,5.720039179127880402e-01,-8.851797229174043213e-01
8.956706783127280858e+00,-2.791788996626902719e+00,-8.090079682571252206e+00,-2.396048404323408487e+00,9.225252432462582419e+00,1.867061420879404743e+00,-1.821895500121815559e+01,-7.731370393400148089e+00,3.844298378859917875e+00,1.113296558673091319e+01,-9.191218987087221848e-01,-9.936202364143749577e+00,-1.560420894405414538e+00,-2.349622109722524499e-01,-2.458420030905732467e+00,1.674747586357000051e+00,1.285697513261560898e+00,1.066316660593257915e+00,2.431097822219271620e+00,-3.626730352981608618e-01,2.634731106432691927e+00,9.371981840329835833e+00,-2.115515567734277624e+00,-1.220292838580789052e+01,-4.768708627521375476e+00,-2.353098047629682554e+00,-3.797210009255543861e-01,-1.068800018304747690e+00,4.728413780264349775e+00,2.263094238682394455e+00,1.555537649157123781e+00,3.451199468862889752e+00,7.541491790474704748e-01,3.931485624710202131e+00,6.931349176548502911e+00,-2.314059614212785831e+00,-6.305967022969904079e+00,-2.608441583673081876e+00,-2.583372258088963425e-01
8.660802796626208888e+00,-5.998229228888131814e+00,-3.431924166867243553e+00,-6.581760259025662974e-01,1.081230396831294271e+01,5.576906369620119541e+00,-1.558820854901520647e+01,-6.325512050438459433e+00,1.466182652000246200e+01,1.195938265502376652e+01,-1.318818708241670912e+01,-1.714744236227958751e+01,-3.874001066750305533e+00,-2.385053655107300941e-01,-9.193988454015478151e-01,7.087382499674926173e+00,3.621935934521100187e+00,9.487023918525165911e-01,2.442684931645624502e+00,2.778443769171341948e+00,4.615566582103323157e+00,7.035142687078979051e+00,-1.483915507958018409e+00,-8.731830704708404056e+00,-3.620175540913219692e+00,2.587834768426145349e+00,-2.237539714441048599e-01,-1.015039157198957653e+00,5.458929999117567711e+00,2.758959965703818629e+00,-8.628305947031786882e-01,1.322750886135055870e+00,4.157973621544382326e+00,3.565017413282727254e+00,2.746030827735731261e+00,-2.089784207635659197e+00,-4.738820846864963521e+00,-7.444206904443552153e-01,1.185419051959046843e+00
8.479696052105820669e+00,-4.630586687429998349e+00,6.084685316778600139e+00,4.847823464718792330e+00,1.112265721616761560e+01,6.752431284170653747e+00,-1.266206746287547169e+01,1.499762770806497336e+00,1.791458375301787598e+01,8.165134570814876369e+00,-1.838278330812553207e+01,-1.717655344597018896e+01,3.615248642446875937e+00,-2.051700348826441811e-01,3.805215606091123526e-01,8.428886161599455917e+00,3.800734433737436024e+00,-3.697744343277462598e+00,-3.455630727044440853e-01,9.368385204573446146e+00,3.970029135722464630e+00,-6.024476114529996096e+00,-2.366987197375862273e+00,4.721791620999684191e+00,4.717744671867096784e+00,4.022728293314226988e+00,-2.193793989160052749e-01,-2.818028863789292515e-01,4.911336552866522709e+00,2.242920106465040586e+00,-2.078298246141562888e+00,-3.157328306454599276e-01,5.847412751011831666e+00,4.549754447313906880e+00,-1.300477506600907773e+00,-2.966383814956121689e+00,3.279831384576315512e-01,3.677230219490203122e+00,2.595902585934441120e+00
8.250462726860920526e+00,-5.237186107669907109e+00,1.342584815633166784e+01,6.943292841572305640e+00,3.416815281758017075e+00,4.885780224211231371e+00,3.148561860131684931e+00,1.614546221006470050e+00,2.612874290942468924e+00,7.225408260272041971e+00,-3.744603840417340734e+00,-7.711953018545393945e+00,4.171455519878148444e+00,-2.073581143379605862e-01,2.463084914966851002e-02,9.765158016916535288e-01,8.499711477278371063e-02,-4.295575835567690959e+00,-3.059235471907052251e+00,7.155895506071513701e+00,4.773804968320211728e+00,-7.274098396316250437e+00,-4.748550430744354678e+00,7.190892740352641255e+00,1.045437875370517844e+01,1.890557549752844180e+00,-1.565766201230438526e-01,-5.794223074098695525e-01,1.665071576082305826e+00,1.061273383848267970e-01,-3.173552187420799253e+00,-2.872216614697348458e+00,5.041328076504841604e+00,4.742856918615285799e+00,-3.497508363376141460e+00,-2.801716153790559716e+00,4.213781653233738211e+00,6.414035821206003796e+00,3.446102356004870249e+00
8.064979823429899497e+00,-4.581324989130661329e+00,8.037716920161907197e+00,5.017817694264359751e+00,2.531505545032232796e+00,6.339603403565492457e-01,1.649723549267555933e+00,1.104737270744692168e+01,3.366386960385375104e+00,-1.331966290673833209e+00,-4.000997827420248676e+00,3.732204061440169696e+00,7.396363741952564297e+00,-8.259245825598515722e-02,-1.841392753708620322e+00,-4.754465122239517783e+00,-3.577914645161760721e+00,-2.088348207490690278e+00,-5.305360728085401156e+00,-3.430127663470994293e-01,5.500210676655642672e+00,9.177544042477685515e-01,-2.263027971728359233e+00,2.217216141908341154e+00,6.090155504295323041e+00,3.647248821821526210e+00,-1.209179661595467109e-01,-1.661475709246856169e+00,-1.333599362219406004e+00,-1.835661348484038724e+00,-3.619514743235519916e+00,-3.623364697213911967e+00,4.242342170740390550e+00,3.454606047996641394e+00,-1.829170750407912660e+00,-9.660881462076229553e-01,4.520516735353171001e+00,5.543312621562058951e+00,1.612346793944354761e+00
8.085277810348950212e+00,-8.919971615087147754e+00,3.916917911852631828e+00,-2.125364487512160505e-01,-7.598811332233638138e-01,-5.724941231959570942e+00,2.462536327437486072e+00,1.261496757431775606e+01,4.448383099438006028e+00,2.699352316815323061e+00,6.898284433993416842e-01,4.468357990045252137e+00,1.146595316352120086e+01,-5.364057193291316139e-02,-3.257623745412498995e+00,-1.933281646120409647e+00,-2.885193163402000049e+00,-3.709036918775762803e+00,-3.346495907085027088e+00,3.621466303953011945e+00,1.112604813343569532e+00,2.242294318172583178e+00,3.464844051089476906e+00,3.001791027076115448e+00,3.588250480523065278e-01,3.166850241972793967e-01,-1.056981613268812153e-01,-2.067258478499241381e+00,-1.567690770876032369e+00,-2.618492641205290461e+00,-2.385341760765850694e+00,-1.954491561128997246e+00,3.029096669331583946e+00,2.545382576541666886e+00,2.571642180305920178e+00,2.188576708658986764e-02,1.307679203522625899e+00,2.136615697815567927e+00,2.020996734745655221e+00
7.957698679564073174e+00,-1.109657247995565932e+01,4.171153627921087903e+00,-7.525686325396401255e-01,-4.886568292519292811e+00,-6.059031473813504931e+00,8.892656157173579601e+00,1.327258233413406074e+01,7.850975596730541461e+00,5.597721811505120826e+00,2.002584226731982220e+00,4.449854157544782751e+00,8.029733790347123090e+00,-1.548326590947612935e-01,-1.697941569833233189e+00,1.801879018109642017e+00,-1.525720376150464963e+00,-2.020487735036054389e+00,2.092379778805421253e+00,6.105021287699553767e+00,3.069433580267402206e-01,4.390203887430740082e+00,5.853203639000956748e-01,-4.489136466398343517e-01,-9.280287837825564878e-01,1.246900502943971922e+00,-7.276770936216898911e-02,-1.862330604356114305e+00,-1.819659352005635056e-01,-1.953057211283114825e+00,-1.418647785899858960e+00,-1.231796002966217829e+00,2.470458575331612394e+00,-3.655876001976018363e-01,3.645929990780286012e+00,9.490577400337956160e-01,1.051179967166706364e+00,-1.363928110515020053e+00,1.251169796491756969e+00
7.775612492159427624e+00,-1.231585475475361413e+01,7.520675948071915862e+00,-3.263977201052146171e+00,-4.800856603295472702e+00,-1.540181674348727991e+00,1.467257890283659272e+01,1.322885429037123650e+01,1.322879087429948619e+01,3.869993044615514410e+00,-2.079988498803269636e-01,2.612300422480139162e+00,1.395975416940914471e+01,-5.086237192512843563e-02,-5.492319805611707295e-01,5.774272990641797776e-01,-1.234589676730554419e+00,1.172661321544142821e+00,-7.791839897332279996e-01,-4.978305094737582870e-01,-2.180045492850943845e+00,4.677428715062760034e+00,-1.384859882955035815e+00,-1.493842858394324180e-01,-3.304630932448578307e+00,2.187789215560127509e+00,-4.721378622866154867e-02,-7.692806743245952372e-01,-2.522376885391356960e-01,-7.522386288463625004e-01,3.428396158779673519e-01,-2.748736770796140760e-01,2.147316085704971123e-01,-1.256388587091269216e+00,2.938437706516856984e+00,6.467524669133925541e-02,-7.184298701181932589e-01,-2.697332606167288205e+00,-1.084863605197254888e+00
7.855973935713816303e+00,-1.219503644107800078e+01,5.326008226049447458e+00,-3.221747986000748742e+00,-2.541245649431007170e+00,-7.617399453279960930e+00,7.896995138226063027e+00,8.912491348432173055e+00,1.720583302685606242e+01,2.828002045595049196e+00,1.703815655053117384e+00,-2.159407707352373862e+00,1.240531222146737811e+01,6.222937948567208721e-02,4.935587430233034922e-02,-2.721186888989571173e+00,2.624186423998360329e-01,2.291256113958901608e+00,-2.389971976637842666e+00,-5.319277011536431843e+00,-2.357892079329441337e+00,6.171760213300228060e-01,2.687976943057706070e-01,-1.272468885735932753e+00,-4.162987265411374871e+00,-5.052954123717173118e+00,-1.490907918508810326e-04,-3.982532986315945323e-02,-9.263074112689407835e-01,4.012927179079935902e-01,2.360315601524864970e+00,2.873443538183663160e-01,-2.750566925545750330e+00,-1.672129864491926909e+00,1.768118152200783000e-01,1.041859326870896219e+00,-1.126100583755134554e+00,-2.335246715504997184e+00,-2.422216715199342119e+00
7.900071251130771799e+00,-1.221714300614895343e+01,2.078302170092773515e+00,-2.739139916252474105e+00,-2.183443753776697360e-01,-6.320125627624412878e+00,4.034024879763729921e+00,8.513070131712353827e+00,1.446314291695953180e+01,4.407588433227055624e+00,-2.752936621352192414e+00,-5.713674108342610580e+00,3.853845921974797584e+00,1.937495520266541149e-02,4.249907187521069218e-01,-1.532602382741746094e+00,2.106612150300620545e+00,3.582499625288569689e+00,2.692530862598065067e+00,-3.718948298622402060e+00,-8.213331287141523163e-01,-4.543987187677576145e+00,3.855109352979391169e+00,-2.029632730680437813e+00,-4.519922236082263289e-01,-5.716853941699896247e+00,1.830255135790963619e-02,-1.477399324348613874e-01,-1.135702672314780060e+00,9.935660240395938203e-01,2.985576125869180419e+00,9.773580123422499488e-01,-3.561430021422425263e+00,-6.973102158372306292e-01,-1.527266224631444569e+00,2.753419639610638736e+00,-1.263830100003366860e-02,-5.728599403238702203e-01,-3.894317067585915115e+00
7.894723846119147126e+00,-1.134505500357378693e+01,2.260803460565955270e+00,9.914763146004920147e-01,4.623753601146131764e+00,-2.232337728083830797e+00,4.590985409812588514e-01,7.269825091003868422e+00,8.117858651500910128e+00,1.053822075155383153e+01,-2.355449806307758465e+00,-3.063392154568826520e+00,9.716043380675852825e-01,-2.616047869223070421e-02,-6.312010647655377227e-01,6.482313995734938494e-01,1.168190342548838245e+00,3.381434388069764818e+00,3.487101576194434838e+00,-1.724823892708429618e+00,1.025283104093441366e+00,-2.163347989069845489e+00,4.687196728231130649e+00,2.255689498576067376e+00,2.956833526405812762e+00,-1.824411574397666769e+00,-2.615401499774492461e-02,-6.373767994742621790e-01,-4.097017742224785541e-01,3.792332887964010579e-01,1.155593761364257066e+00,2.432214802590336511e+00,-6.688036359593561020e-01,9.055233783154719163e-01,-1.584113456489925298e+00,1.840986389510609111e+00,1.724036057588593351e+00,3.279751130215535770e+00,-2.083798403451238013e+00
7.847750293746310390e+00,-1.347954513568002888e+01,3.374764969239761214e+00,-4.027592311547975590e-01,6.544524400761860150e+00,6.540775247644570189e-01,5.843770943468709067e-01,1.056363633989923656e+01,1.013644693881984082e+01,1.378198188968931781e+01,1.758442375799942559e+00,1.999929444690144997e-01,2.050227731794638519e-01,-7.167975335091236744e-02,-1.702832185054993452e+00,1.842322473988029508e-01,-1.742624099584036523e+00,-2.384232415912808989e+00,1.644455355780559236e+00,2.909351155078226725e+00,2.572500022456111424e+00,1.665377540987685201e+00,-1.596241743318433937e+00,5.211878125363887726e+00,7.172953285944158708e+00,1.419563720270634821e+00,-4.576585785452138427e-02,-9.662641974179052573e-01,-1.187850218211552039e-01,-5.512425315430912187e-01,-1.271332483414632675e+00,2.182456890674882466e+00,2.629668273564091940e-01,7.922497784097177753e-01,-9.373232371781163585e-02,-1.019208308620349612e+00,2.268601886389857381e+00,2.048791428754015875e+00,-9.514508475020684586e-02
7.751364339417322391e+00,-1.475071937368377384e+01,2.629267955363561171e+00,-2.493771884567581143e+00,-1.447112306794857972e-01,1.056572983477287675e+00,6.277800851137712357e+00,1.241482513591609127e+01,1.144861373347628053e+01,7.345737264916963660e+00,8.068306444420016987e+00,1.128251441731949001e+01,3.810731778608854814e+00,-5.241428926861679827e-02,-9.330433362517291940e-01,-1.037310077825783328e+00,-1.674984621614547864e+00,-5.367649388649942566e+00,1.146812972602491154e+00,9.275653835603391295e-01,-3.309086692972025290e-01,1.096328409281473348e+00,-6.437096628122787934e+00,8.098761547166327679e-01,-1.421331597492851539e+00,8.767670023868325835e-01,-2.807515853229194253e-02,-1.097487115070672203e+00,-6.623914437562036794e-02,-1.216237184898105950e+00,-3.338607597475649946e+00,8.801229802584534800e-01,1.430281777836483803e+00,1.056102989688452620e+00,4.039143648978947843e-01,-4.551485060373622993e+00,6.169460344853269218e-01,-9.654103832097370858e-03,3.248220775313234721e-01
7.742921715209076794e+00,-1.534563180818348727e+01,1.300144813588194559e+00,-3.752728474383893342e+00,-4.190774376538024981e+00,2.947703469969439549e+00,2.439507861467549166e+00,9.901819001304831502e+00,1.232910375738278752e+01,9.077886334437420546e-01,3.378194685233208094e+00,-2.642670250516688579e+00,1.958556777953128991e+00,2.769900165449090679e-02,-5.743639344958229032e-01,1.688249305750377793e-01,-4.604765518539546409e-01,-3.278461883451345038e+00,-1.755439143567116833e-02,2.025705977328131624e-01,2.332117864136211693e-01,-1.203755833383684859e+00,-6.563922593554230467e+00,-4.074451116508886805e+00,-6.486422746777975590e+00,-1.045892027635742405e+00,-1.361231333319956605e-02,1.388880955048708843e-01,-7.280377904418660062e-01,-1.654466687441071837e+00,-1.578556199712837671e+00,1.312021864093442014e+00,-6.693077721505995559e-01,-5.510730859116795832e-01,7.314513440688056312e-01,-3.123356383137276371e+00,-1.734061355723847786e+00,-1.990501915056210436e+00,3.970437169396984767e-01
7.806762342726304205e+00,-1.589944724267541964e+01,2.966917816513636730e+00,-3.414724988275490425e+00,-6.701634997582176290e+00,1.021464200605945338e+00,6.682942046603338682e+00,1.288124870874333361e+01,9.041102066708910812e+00,-5.782107922191497273e+00,-8.059578859775660964e-02,-1.690331076236461838e+00,1.718947723337370226e+00,4.534005108372429760e-03,1.567445542261817870e+00,-8.671968635664007996e-01,-2.230943821061154964e+00,3.060489831093520241e+00,2.142018883348948854e+00,-2.702120112803244822e+00,-1.163379938688807069e+00,1.334177867582383215e+00,1.910666967056712018e+00,-3.107803985771808719e+00,-3.117118167586865329e-01,6.387883037802847275e-01,2.858815178910329921e-02,6.484410339719548499e-01,-8.272217505039554108e-01,-1.721314063702925612e+00,2.149427755673200546e-01,9.581707795358507251e-01,-2.232228820763693111e+00,-1.783663418250205357e+00,8.597792279657540115e-01,1.338630407318804005e+00,-3.165719249770118982e+00,-2.484831020126792911e+00,4.652660267286597429e-01
7.751989725425821653e+00,-1.221074072365985153e+01,-4.342489135446069848e-01,-8.214616116506203269e+00,1.930205285649015279e+00,7.231741236667337702e+00,-2.964732364138940035e+00,7.575059123927217364e+00,1.499745949254755395e+01,4.729122567557165979e+00,-2.837413286310408900e+00,-3.266093884034061645e+00,3.236133385513698446e+00,4.150437526408090605e-02,1.411743748294801648e+00,-1.803280875051726184e+00,-2.727336696872781463e+00,2.285573906822885526e+00,1.341971898600823554e+00,-4.432082593240423307e+00,-4.110680362694730583e+00,2.686114969506878225e+00,8.955165128322883916e+00,-2.285945015030505623e+00,4.302011048403365789e-01,1.889662942567249093e+00,2.652031394676317502e-02,1.532553488833677535e-01,-5.310544352226873599e-01,-1.224901027443268120e+00,2.855850555960463555e-01,-1.344185354731820548e+00,-1.227485778784565884e+00,-1.979655122086356189e-01,8.909696612398348980e-01,3.796838262158718003e+00,-5.319424481317857056e-01,2.338933897602659684e+00,1.814304487015593326e+00
7.889771093254466017e+00,-1.307595974608581635e+01,-6.396439335898154166e-01,-8.869398382021053351e+00,-2.130487183936405682e+00,3.705407997807592224e+00,-2.181223139877508377e+00,4.659887983353872443e+00,1.441333200572266726e+01,1.212822233445427145e+01,-4.652485818658767869e+00,-8.299288665557886802e-01,5.498273608471868634e+00,4.101459212649505304e-02,-1.890179044200798408e+00,4.412012130355455475e-01,5.323596008893756171e-01,-3.489314145514847088e+00,-6.173468219478912111e+00,1.849446962462040878e+00,2.723806339514583730e+00,-4.498111992362350264e-01,3.103846124178640586e+00,2.920920372957596989e+00,5.943946008345167620e+00,2.952141442475073596e+00,-2.138249233202689156e-02,-3.831630701803948602e-01,-8.408058625317815782e-01,-1.219086061092950590e+00,-1.298847829451914793e+00,-3.088335982256313006e+00,4.037804364309513505e-01,2.882726352275198911e-01,4.782365976945726627e-01,4.680678200547630396e+00,1.079792912940991112e+00,3.527569746681868512e+00,2.254066152015391733e+00
7.834018909678811760e+00,-1.599109881206144834e+01,4.481535125264841102e-01,-7.149896914727452035e+00,-5.048423005380678674e+00,-5.115195202290486520e+00,7.341615607851418313e-01,1.302267180295638482e+01,1.409783709407508390e+01,1.093681481591444715e+01,3.004427459604785522e+00,8.621798132656273594e+00,9.140416270463845194e+00,-1.154679021573956632e-01,-1.424561901645390094e+00,-5.193343877955006738e-01,-5.865582563042828212e-01,-3.788036407695248187e+00,-5.976077744502149791e+00,4.516810203086781605e+00,3.469458781006238723e+00,-1.265617875652329083e+00,1.194607310956872226e+00,3.524967110904184686e+00,5.416750257691751003e+00,2.269431716233694107e+00,-3.782740514335216492e-02,-9.891563188805229112e-01,4.255219580614258423e-01,5.982565371209803695e-01,-4.368194939889908035e+00,-4.761782875419948269e+00,4.009943049552698646e+00,2.181713698423084935e+00,-3.833125441570236713e+00,2.305872109279089255e+00,1.084372984018765029e+00,2.592722614010033233e+00,7.697837782866837619e-01
7.658835288939674690e+00,-1.592508354937659654e+01,-1.678312709180816764e+00,-1.004251489462961899e+01,-9.706559999326902499e+00,-8.246747491196707358e+00,6.852397266296054390e+00,1.159880554536634989e+01,1.188209625441800910e+01,1.451743695636801590e+01,2.397448403149601948e+00,1.000357164882771244e+01,1.003713704093925685e+01,-7.784915390617763720e-02,1.295691978221862328e-01,8.822708760157692565e-01,1.256560870065216662e+00,-5.537155000362298019e+00,-2.742950096819881445e+00,5.917005559876314713e+00,9.957485160400096902e-01,-8.500193466863192882e+00,2.063530493540646660e+00,-1.972471468362776870e+00,-2.170514602165960483e+00,-2.162397854875210967e+00,-3.404203680950015215e-02,-8.755143193371622834e-01,8.477873119262714363e-01,5.386016253853886937e-01,-3.635561605580680755e+00,-2.219036351358926851e+00,2.844722700590990083e+00,1.009945030359284956e-01,-5.746444856389825162e+00,4.711257073746548119e-01,2.483434464864447688e-01,-4.466387566221896033e-01,-1.722799727703790751e+00
7.678320601866456485e+00,-1.573196041641707588e+01,2.212695264558022679e+00,-4.636775174597018712e+00,-1.612273300610527471e+01,-1.060109539593024941e+01,1.256817268053777070e+01,1.501416883503640420e+01,-2.902549839651301422e+00,1.506387580299574047e+01,-9.405154771207682174e-01,4.280768928324352629e+00,4.815620560713423259e+00,6.928738708673432001e-02,-8.290084956086092305e-01,2.197667229603294636e+00,1.304781884735146225e+00,-2.532290106075304692e+00,1.799961914514772943e+00,-3.635062315474635319e-01,-3.714846781436422329e+00,-8.850397531890637381e+00,-1.048558289290558498e+00,-1.917872760506684759e+00,-5.448089848164244131e+00,-5.495232108055565057e+00,-4.336289756686007371e-03,-4.238873904333999576e-01,1.533367034958405650e+00,-2.702359182651857816e-01,-1.670435031812621762e+00,8.941586923094273498e-01,1.034415888600674238e+00,-2.888623749063868207e+00,-4.914996938734755183e+00,-3.640944883542768795e-01,-1.732685664478223142e+00,-3.397670772374937087e+00,-1.810596401907256903e+00
7.797410063113143330e+00,-1.758310054059381500e+01,2.717021750025772509e+00,-7.432951125159326544e+00,-1.477114021147751188e+01,-4.646823662167161473e+00,6.125384803201127326e+00,4.169111982493505231e+00,-5.818698809363265667e+00,1.242032037778689890e+01,-1.438297117863767349e+00,-8.926080475007762693e-01,-9.533271751718740417e-01,3.236473597109545963e-02,-7.747834261013819557e-01,1.852313096578597662e+00,-2.584541608095754395e+00,2.627212473868396181e+00,4.078365870336063459e+00,-3.149212722600897241e+00,-6.359884497981469487e+00,6.378998859716230596e-01,-2.449487569781059193e+00,-1.400306312579439050e+00,-3.599617404689259725e+00,3.835229041348515722e-01,2.331590416801372287e-02,-4.262454290689248748e-01,1.889589452694926397e+00,-4.695770208509326693e-01,2.930928829653634549e-01,1.976149941254929931e+00,-7.463725507121952152e-01,-3.132858040854870740e+00,-2.574189287230888468e+00,-1.360404772543090557e+00,-1.507776563601737507e+00,-3.304330986914227886e+00,-8.141895535642558190e-01
7.743050073808647404e+00,-1.728152726861983979e+01,5.917321457715218003e+00,-9.805858390788527501e+00,-1.086830805836848235e+01,-2.444363655258122936e+00,6.269747235335976221e+00,2.294399839073464786e+00,-1.626750067708055303e+00,1.016490066343362209e+01,-3.741128102279646317e+00,-2.918465881054166822e+00,5.582666368983126404e+00,-2.717999465224796296e-02,1.507866359869876050e-01,1.600149853844722747e+00,-1.186453632814600478e+00,1.951416076554514767e+00,1.101230003454519268e+00,7.218121606742444740e-02,-9.373560717100202222e-01,2.095974370827605071e+00,-1.127709857176638408e+00,-1.151415492207939373e+00,-1.012928916776695276e+00,3.267996772077500278e+00,7.509895457988591434e-03,-2.797560432431552835e-01,1.060955209400383570e+00,-1.271107369801221854e+00,1.441168204858261692e+00,1.851592348825329193e+00,-1.245248845826874007e+00,-2.731425013534591884e+00,6.743548285541702825e-01,-1.205336999347751403e+00,-7.904056234733635167e-01,-1.642432745231042990e+00,8.070085160694405735e-01
